        TIME,    TIDE,      OB,   SURGE,    BIAS,     TWL,SURGE90p,  TWL90p,SURGE10p,   TWL10p
202604241800,   2.865,   4.099,   0.700,   0.534,   4.099,   0.700,   4.099,   0.700,   4.099
202604241806,   2.927,9999.000,9999.000,9999.000,9999.000,9999.000,9999.000,9999.000,9999.000
202604241812,   2.985,   4.070,9999.000,9999.000,9999.000,9999.000,9999.000,9999.000,9999.000
202604241818,   3.040,9999.000,9999.000,9999.000,9999.000,9999.000,9999.000,9999.000,9999.000
202604241824,   3.092,   4.168,9999.000,9999.000,9999.000,9999.000,9999.000,9999.000,9999.000
202604241830,   3.140,9999.000,9999.000,9999.000,9999.000,9999.000,9999.000,9999.000,9999.000
202604241836,   3.184,   4.247,9999.000,9999.000,9999.000,9999.000,9999.000,9999.000,9999.000
202604241842,   3.225,9999.000,9999.000,9999.000,9999.000,9999.000,9999.000,9999.000,9999.000
202604241848,   3.263,   4.319,9999.000,9999.000,9999.000,9999.000,9999.000,9999.000,9999.000
202604241854,   3.296,9999.000,9999.000,9999.000,9999.000,9999.000,9999.000,9999.000,9999.000
202604241900,   3.325,   4.418,   0.700,   0.393,   4.418,   0.700,   4.418,   0.700,   4.418
202604241906,   3.351,   4.447,9999.000,9999.000,9999.000,9999.000,9999.000,9999.000,9999.000
202604241912,   3.372,   4.359,9999.000,9999.000,9999.000,9999.000,9999.000,9999.000,9999.000
202604241918,   3.390,   4.339,9999.000,9999.000,9999.000,9999.000,9999.000,9999.000,9999.000
202604241924,   3.403,   4.329,9999.000,9999.000,9999.000,9999.000,9999.000,9999.000,9999.000
202604241930,   3.412,   4.319,9999.000,9999.000,9999.000,9999.000,9999.000,9999.000,9999.000
202604241936,   3.417,   4.319,9999.000,9999.000,9999.000,9999.000,9999.000,9999.000,9999.000
202604241942,   3.418,   4.300,9999.000,9999.000,9999.000,9999.000,9999.000,9999.000,9999.000
202604241948,   3.415,   4.280,9999.000,9999.000,9999.000,9999.000,9999.000,9999.000,9999.000
202604241954,   3.408,   4.267,9999.000,9999.000,9999.000,9999.000,9999.000,9999.000,9999.000
202604242000,   3.397,   4.319,   0.700,   0.222,   4.319,   0.700,   4.319,   0.700,   4.319
202604242006,   3.382,   4.290,9999.000,9999.000,9999.000,9999.000,9999.000,9999.000,9999.000
202604242012,   3.363,   4.247,9999.000,9999.000,9999.000,9999.000,9999.000,9999.000,9999.000
202604242018,   3.341,   4.208,9999.000,9999.000,9999.000,9999.000,9999.000,9999.000,9999.000
202604242024,   3.314,   4.188,9999.000,9999.000,9999.000,9999.000,9999.000,9999.000,9999.000
202604242030,   3.285,   4.149,9999.000,9999.000,9999.000,9999.000,9999.000,9999.000,9999.000
202604242036,   3.252,   4.090,9999.000,9999.000,9999.000,9999.000,9999.000,9999.000,9999.000
202604242042,   3.215,   4.037,9999.000,9999.000,9999.000,9999.000,9999.000,9999.000,9999.000
202604242048,   3.176,   3.998,9999.000,9999.000,9999.000,9999.000,9999.000,9999.000,9999.000
202604242054,   3.134,   3.968,9999.000,9999.000,9999.000,9999.000,9999.000,9999.000,9999.000
202604242100,   3.088,   3.899,   0.700,   0.111,   3.899,   0.700,   3.899,   0.800,   3.999
202604242106,   3.040,   3.827,9999.000,9999.000,9999.000,9999.000,9999.000,9999.000,9999.000
202604242112,   2.989,   3.739,9999.000,9999.000,9999.000,9999.000,9999.000,9999.000,9999.000
202604242118,   2.936,   3.680,9999.000,9999.000,9999.000,9999.000,9999.000,9999.000,9999.000
202604242124,   2.881,   3.627,9999.000,9999.000,9999.000,9999.000,9999.000,9999.000,9999.000
202604242130,   2.823,   3.548,9999.000,9999.000,9999.000,9999.000,9999.000,9999.000,9999.000
202604242136,   2.763,   3.450,9999.000,9999.000,9999.000,9999.000,9999.000,9999.000,9999.000
202604242142,   2.702,   3.378,9999.000,9999.000,9999.000,9999.000,9999.000,9999.000,9999.000
202604242148,   2.639,   3.309,9999.000,9999.000,9999.000,9999.000,9999.000,9999.000,9999.000
202604242154,   2.574,   3.240,9999.000,9999.000,9999.000,9999.000,9999.000,9999.000,9999.000
202604242200,   2.508,   3.168,   0.700,  -0.040,   3.168,   0.700,   3.168,   0.800,   3.268
202604242206,   2.441,   3.099,9999.000,9999.000,9999.000,9999.000,9999.000,9999.000,9999.000
202604242212,   2.372,   3.007,9999.000,9999.000,9999.000,9999.000,9999.000,9999.000,9999.000
202604242218,   2.303,   2.929,9999.000,9999.000,9999.000,9999.000,9999.000,9999.000,9999.000
202604242224,   2.233,   2.840,9999.000,9999.000,9999.000,9999.000,9999.000,9999.000,9999.000
202604242230,   2.163,   2.768,9999.000,9999.000,9999.000,9999.000,9999.000,9999.000,9999.000
202604242236,   2.092,   2.709,9999.000,9999.000,9999.000,9999.000,9999.000,9999.000,9999.000
202604242242,   2.021,   2.650,9999.000,9999.000,9999.000,9999.000,9999.000,9999.000,9999.000
202604242248,   1.950,   2.568,9999.000,9999.000,9999.000,9999.000,9999.000,9999.000,9999.000
202604242254,   1.879,   2.499,9999.000,9999.000,9999.000,9999.000,9999.000,9999.000,9999.000
202604242300,   1.808,   2.469,   0.800,  -0.139,   2.469,   0.700,   2.369,   0.800,   2.469
202604242306,   1.737,   2.410,9999.000,9999.000,9999.000,9999.000,9999.000,9999.000,9999.000
202604242312,   1.667,   2.318,9999.000,9999.000,9999.000,9999.000,9999.000,9999.000,9999.000
202604242318,   1.598,   2.240,9999.000,9999.000,9999.000,9999.000,9999.000,9999.000,9999.000
202604242324,   1.530,   2.168,9999.000,9999.000,9999.000,9999.000,9999.000,9999.000,9999.000
202604242330,   1.462,   2.118,9999.000,9999.000,9999.000,9999.000,9999.000,9999.000,9999.000
202604242336,   1.396,   2.059,9999.000,9999.000,9999.000,9999.000,9999.000,9999.000,9999.000
202604242342,   1.331,   2.000,9999.000,9999.000,9999.000,9999.000,9999.000,9999.000,9999.000
202604242348,   1.267,   1.938,9999.000,9999.000,9999.000,9999.000,9999.000,9999.000,9999.000
202604242354,   1.205,   1.879,9999.000,9999.000,9999.000,9999.000,9999.000,9999.000,9999.000
202604250000,   1.145,   1.869,   0.700,   0.024,   1.869,   0.700,   1.869,   0.800,   1.969
202604250006,   1.087,   1.810,9999.000,9999.000,9999.000,9999.000,9999.000,9999.000,9999.000
202604250012,   1.031,   1.718,9999.000,9999.000,9999.000,9999.000,9999.000,9999.000,9999.000
202604250018,   0.977,   1.669,9999.000,9999.000,9999.000,9999.000,9999.000,9999.000,9999.000
202604250024,   0.925,   1.630,9999.000,9999.000,9999.000,9999.000,9999.000,9999.000,9999.000
202604250030,   0.876,   1.571,9999.000,9999.000,9999.000,9999.000,9999.000,9999.000,9999.000
202604250036,   0.830,   1.518,9999.000,9999.000,9999.000,9999.000,9999.000,9999.000,9999.000
202604250042,   0.787,   1.479,9999.000,9999.000,9999.000,9999.000,9999.000,9999.000,9999.000
202604250048,   0.747,   1.430,9999.000,9999.000,9999.000,9999.000,9999.000,9999.000,9999.000
202604250054,   0.709,   1.390,9999.000,9999.000,9999.000,9999.000,9999.000,9999.000,9999.000
202604250100,   0.676,   1.439,   0.700,   0.063,   1.439,   0.700,   1.439,   0.800,   1.539
202604250106,   0.645,   1.410,9999.000,9999.000,9999.000,9999.000,9999.000,9999.000,9999.000
202604250112,   0.618,   1.318,9999.000,9999.000,9999.000,9999.000,9999.000,9999.000,9999.000
202604250118,   0.595,   1.308,9999.000,9999.000,9999.000,9999.000,9999.000,9999.000,9999.000
202604250124,   0.576,   1.289,9999.000,9999.000,9999.000,9999.000,9999.000,9999.000,9999.000
202604250130,   0.561,   1.259,9999.000,9999.000,9999.000,9999.000,9999.000,9999.000,9999.000
202604250136,   0.550,   1.259,9999.000,9999.000,9999.000,9999.000,9999.000,9999.000,9999.000
202604250142,   0.544,   1.289,9999.000,9999.000,9999.000,9999.000,9999.000,9999.000,9999.000
202604250148,   0.541,   1.298,9999.000,9999.000,9999.000,9999.000,9999.000,9999.000,9999.000
202604250154,   0.543,   1.449,9999.000,9999.000,9999.000,9999.000,9999.000,9999.000,9999.000
202604250200,   0.550,   1.489,   0.700,   0.239,   1.489,   0.700,   1.489,   0.800,   1.589
202604250206,   0.561,   1.508,9999.000,9999.000,9999.000,9999.000,9999.000,9999.000,9999.000
202604250212,   0.577,   1.508,9999.000,9999.000,9999.000,9999.000,9999.000,9999.000,9999.000
202604250218,   0.598,   1.590,9999.000,9999.000,9999.000,9999.000,9999.000,9999.000,9999.000
202604250224,   0.623,   1.689,9999.000,9999.000,9999.000,9999.000,9999.000,9999.000,9999.000
202604250230,   0.653,   1.781,9999.000,9999.000,9999.000,9999.000,9999.000,9999.000,9999.000
202604250236,   0.687,   1.869,9999.000,9999.000,9999.000,9999.000,9999.000,9999.000,9999.000
202604250242,   0.726,   1.918,9999.000,9999.000,9999.000,9999.000,9999.000,9999.000,9999.000
202604250248,   0.770,   1.938,9999.000,9999.000,9999.000,9999.000,9999.000,9999.000,9999.000
202604250254,   0.818,   2.020,9999.000,9999.000,9999.000,9999.000,9999.000,9999.000,9999.000
202604250300,   0.871,   2.099,   0.800,   0.428,   2.099,   0.700,   1.999,   0.800,   2.099
202604250306,   0.927,   2.200,9999.000,9999.000,9999.000,9999.000,9999.000,9999.000,9999.000
202604250312,   0.988,   2.109,9999.000,9999.000,9999.000,9999.000,9999.000,9999.000,9999.000
202604250318,   1.053,   2.200,9999.000,9999.000,9999.000,9999.000,9999.000,9999.000,9999.000
202604250324,   1.121,   2.289,9999.000,9999.000,9999.000,9999.000,9999.000,9999.000,9999.000
202604250330,   1.193,   2.377,9999.000,9999.000,9999.000,9999.000,9999.000,9999.000,9999.000
202604250336,   1.269,   2.479,9999.000,9999.000,9999.000,9999.000,9999.000,9999.000,9999.000
202604250342,   1.347,   2.548,9999.000,9999.000,9999.000,9999.000,9999.000,9999.000,9999.000
202604250348,   1.428,   2.640,9999.000,9999.000,9999.000,9999.000,9999.000,9999.000,9999.000
202604250354,   1.512,   2.748,9999.000,9999.000,9999.000,9999.000,9999.000,9999.000,9999.000
202604250400,   1.598,   3.007,   0.800,   0.609,   3.007,   0.700,   2.907,   0.800,   3.007
202604250406,   1.686,   3.089,9999.000,9999.000,9999.000,9999.000,9999.000,9999.000,9999.000
202604250412,   1.775,   2.997,9999.000,9999.000,9999.000,9999.000,9999.000,9999.000,9999.000
202604250418,   1.866,   3.099,9999.000,9999.000,9999.000,9999.000,9999.000,9999.000,9999.000
202604250424,   1.958,   3.188,9999.000,9999.000,9999.000,9999.000,9999.000,9999.000,9999.000
202604250430,   2.051,   3.289,9999.000,9999.000,9999.000,9999.000,9999.000,9999.000,9999.000
202604250436,   2.144,   3.358,9999.000,9999.000,9999.000,9999.000,9999.000,9999.000,9999.000
202604250442,   2.238,   3.440,9999.000,9999.000,9999.000,9999.000,9999.000,9999.000,9999.000
202604250448,   2.331,   3.529,9999.000,9999.000,9999.000,9999.000,9999.000,9999.000,9999.000
202604250454,   2.424,   3.617,9999.000,9999.000,9999.000,9999.000,9999.000,9999.000,9999.000
202604250500,   2.517,   3.899,   0.800,   0.582,   3.899,   0.800,   3.899,   0.800,   3.899
202604250506,   2.608,   3.968,9999.000,9999.000,9999.000,9999.000,9999.000,9999.000,9999.000
202604250512,   2.698,   3.880,9999.000,9999.000,9999.000,9999.000,9999.000,9999.000,9999.000
202604250518,   2.787,   3.958,9999.000,9999.000,9999.000,9999.000,9999.000,9999.000,9999.000
202604250524,   2.875,   4.047,9999.000,9999.000,9999.000,9999.000,9999.000,9999.000,9999.000
202604250530,   2.960,   4.149,9999.000,9999.000,9999.000,9999.000,9999.000,9999.000,9999.000
202604250536,   3.044,   4.247,9999.000,9999.000,9999.000,9999.000,9999.000,9999.000,9999.000
202604250542,   3.125,   4.319,9999.000,9999.000,9999.000,9999.000,9999.000,9999.000,9999.000
202604250548,   3.204,   4.349,9999.000,9999.000,9999.000,9999.000,9999.000,9999.000,9999.000
202604250554,   3.281,   4.408,9999.000,9999.000,9999.000,9999.000,9999.000,9999.000,9999.000
202604250600,   3.355,   4.637,   0.800,   0.482,   4.637,   0.800,   4.637,   0.800,   4.637
202604250606,   3.426,   4.657,9999.000,9999.000,9999.000,9999.000,9999.000,9999.000,9999.000
202604250612,   3.494,   4.569,9999.000,9999.000,9999.000,9999.000,9999.000,9999.000,9999.000
202604250618,   3.559,   4.598,9999.000,9999.000,9999.000,9999.000,9999.000,9999.000,9999.000
202604250624,   3.621,   4.637,9999.000,9999.000,9999.000,9999.000,9999.000,9999.000,9999.000
202604250630,   3.680,   4.700,9999.000,9999.000,9999.000,9999.000,9999.000,9999.000,9999.000
202604250636,   3.735,   4.749,9999.000,9999.000,9999.000,9999.000,9999.000,9999.000,9999.000
202604250642,   3.787,   4.788,9999.000,9999.000,9999.000,9999.000,9999.000,9999.000,9999.000
202604250648,   3.835,   4.818,9999.000,9999.000,9999.000,9999.000,9999.000,9999.000,9999.000
202604250654,   3.880,   4.837,9999.000,9999.000,9999.000,9999.000,9999.000,9999.000,9999.000
202604250700,   3.921,   5.018,   0.800,   0.297,   5.018,   0.800,   5.018,   0.800,   5.018
202604250706,   3.958,   5.038,9999.000,9999.000,9999.000,9999.000,9999.000,9999.000,9999.000
202604250712,   3.992,   4.949,9999.000,9999.000,9999.000,9999.000,9999.000,9999.000,9999.000
202604250718,   4.021,   4.969,9999.000,9999.000,9999.000,9999.000,9999.000,9999.000,9999.000
202604250724,   4.047,   5.008,9999.000,9999.000,9999.000,9999.000,9999.000,9999.000,9999.000
202604250730,   4.069,   5.018,9999.000,9999.000,9999.000,9999.000,9999.000,9999.000,9999.000
202604250736,   4.087,   5.038,9999.000,9999.000,9999.000,9999.000,9999.000,9999.000,9999.000
202604250742,   4.100,   5.038,9999.000,9999.000,9999.000,9999.000,9999.000,9999.000,9999.000
202604250748,   4.110,   5.057,9999.000,9999.000,9999.000,9999.000,9999.000,9999.000,9999.000
202604250754,   4.115,   5.067,9999.000,9999.000,9999.000,9999.000,9999.000,9999.000,9999.000
202604250800,   4.117,   5.188,   0.800,   0.271,   5.188,   0.800,   5.188,   0.800,   5.188
202604250806,   4.114,   5.198,9999.000,9999.000,9999.000,9999.000,9999.000,9999.000,9999.000
202604250812,   4.107,   5.110,9999.000,9999.000,9999.000,9999.000,9999.000,9999.000,9999.000
202604250818,   4.097,   5.120,9999.000,9999.000,9999.000,9999.000,9999.000,9999.000,9999.000
202604250824,   4.082,   5.129,9999.000,9999.000,9999.000,9999.000,9999.000,9999.000,9999.000
202604250830,   4.063,   5.110,9999.000,9999.000,9999.000,9999.000,9999.000,9999.000,9999.000
202604250836,   4.040,   5.087,9999.000,9999.000,9999.000,9999.000,9999.000,9999.000,9999.000
202604250842,   4.014,   5.077,9999.000,9999.000,9999.000,9999.000,9999.000,9999.000,9999.000
202604250848,   3.983,   5.110,9999.000,9999.000,9999.000,9999.000,9999.000,9999.000,9999.000
202604250854,   3.949,   5.067,9999.000,9999.000,9999.000,9999.000,9999.000,9999.000,9999.000
202604250900,   3.911,   5.008,   0.800,   0.297,   5.008,   0.800,   5.008,   0.800,   5.008
202604250906,   3.870,   4.959,9999.000,9999.000,9999.000,9999.000,9999.000,9999.000,9999.000
202604250912,   3.825,   4.867,9999.000,9999.000,9999.000,9999.000,9999.000,9999.000,9999.000
202604250918,   3.777,   4.798,9999.000,9999.000,9999.000,9999.000,9999.000,9999.000,9999.000
202604250924,   3.725,   4.778,9999.000,9999.000,9999.000,9999.000,9999.000,9999.000,9999.000
202604250930,   3.671,   4.749,9999.000,9999.000,9999.000,9999.000,9999.000,9999.000,9999.000
202604250936,   3.613,   4.677,9999.000,9999.000,9999.000,9999.000,9999.000,9999.000,9999.000
202604250942,   3.553,   4.628,9999.000,9999.000,9999.000,9999.000,9999.000,9999.000,9999.000
202604250948,   3.490,   4.569,9999.000,9999.000,9999.000,9999.000,9999.000,9999.000,9999.000
202604250954,   3.424,   4.500,9999.000,9999.000,9999.000,9999.000,9999.000,9999.000,9999.000
202604251000,   3.356,   4.480,   0.800,   0.324,   4.480,   0.800,   4.480,   0.800,   4.480
202604251006,   3.285,   4.418,9999.000,9999.000,9999.000,9999.000,9999.000,9999.000,9999.000
202604251012,   3.212,   4.329,9999.000,9999.000,9999.000,9999.000,9999.000,9999.000,9999.000
202604251018,   3.138,   4.280,9999.000,9999.000,9999.000,9999.000,9999.000,9999.000,9999.000
202604251024,   3.061,   4.178,9999.000,9999.000,9999.000,9999.000,9999.000,9999.000,9999.000
202604251030,   2.983,   4.057,9999.000,9999.000,9999.000,9999.000,9999.000,9999.000,9999.000
202604251036,   2.904,   3.968,9999.000,9999.000,9999.000,9999.000,9999.000,9999.000,9999.000
202604251042,   2.823,   3.909,9999.000,9999.000,9999.000,9999.000,9999.000,9999.000,9999.000
202604251048,   2.741,   3.837,9999.000,9999.000,9999.000,9999.000,9999.000,9999.000,9999.000
202604251054,   2.658,   3.749,9999.000,9999.000,9999.000,9999.000,9999.000,9999.000,9999.000
202604251100,   2.574,   3.670,   0.800,   0.296,   3.670,   0.800,   3.670,   0.900,   3.770
202604251106,   2.489,   3.568,9999.000,9999.000,9999.000,9999.000,9999.000,9999.000,9999.000
202604251112,   2.404,   3.480,9999.000,9999.000,9999.000,9999.000,9999.000,9999.000,9999.000
202604251118,   2.319,   3.368,9999.000,9999.000,9999.000,9999.000,9999.000,9999.000,9999.000
202604251124,   2.233,   3.299,9999.000,9999.000,9999.000,9999.000,9999.000,9999.000,9999.000
202604251130,   2.147,   3.197,9999.000,9999.000,9999.000,9999.000,9999.000,9999.000,9999.000
202604251136,   2.061,   3.089,9999.000,9999.000,9999.000,9999.000,9999.000,9999.000,9999.000
202604251142,   1.976,   2.968,9999.000,9999.000,9999.000,9999.000,9999.000,9999.000,9999.000
202604251148,   1.891,   2.869,9999.000,9999.000,9999.000,9999.000,9999.000,9999.000,9999.000
202604251154,   1.806,   2.787,9999.000,9999.000,9999.000,9999.000,9999.000,9999.000,9999.000
202604251200,   1.723,   2.689,   0.900,   0.066,   2.689,   0.900,   2.689,   1.000,   2.789
202604251206,   1.640,   2.597,9999.000,9999.000,9999.000,9999.000,9999.000,9999.000,9999.000
202604251212,   1.558,   2.509,9999.000,9999.000,9999.000,9999.000,9999.000,9999.000,9999.000
202604251218,   1.477,   2.420,9999.000,9999.000,9999.000,9999.000,9999.000,9999.000,9999.000
202604251224,   1.397,   2.338,9999.000,9999.000,9999.000,9999.000,9999.000,9999.000,9999.000
202604251230,   1.319,   2.269,9999.000,9999.000,9999.000,9999.000,9999.000,9999.000,9999.000
202604251236,   1.243,   2.200,9999.000,9999.000,9999.000,9999.000,9999.000,9999.000,9999.000
202604251242,   1.168,   2.109,9999.000,9999.000,9999.000,9999.000,9999.000,9999.000,9999.000
202604251248,   1.095,   2.049,9999.000,9999.000,9999.000,9999.000,9999.000,9999.000,9999.000
202604251254,   1.024,   2.069,9999.000,9999.000,9999.000,9999.000,9999.000,9999.000,9999.000
202604251300,   0.956,   1.990,   0.900,   0.134,   1.990,   0.900,   1.990,   1.000,   2.090
202604251306,   0.890,   1.918,9999.000,9999.000,9999.000,9999.000,9999.000,9999.000,9999.000
202604251312,   0.826,   1.830,9999.000,9999.000,9999.000,9999.000,9999.000,9999.000,9999.000
202604251318,   0.765,   1.790,9999.000,9999.000,9999.000,9999.000,9999.000,9999.000,9999.000
202604251324,   0.706,   1.738,9999.000,9999.000,9999.000,9999.000,9999.000,9999.000,9999.000
202604251330,   0.651,   1.669,9999.000,9999.000,9999.000,9999.000,9999.000,9999.000,9999.000
202604251336,   0.599,   1.610,9999.000,9999.000,9999.000,9999.000,9999.000,9999.000,9999.000
202604251342,   0.550,   1.571,9999.000,9999.000,9999.000,9999.000,9999.000,9999.000,9999.000
202604251348,   0.505,   1.528,9999.000,9999.000,9999.000,9999.000,9999.000,9999.000,9999.000
202604251354,   0.463,   1.489,9999.000,9999.000,9999.000,9999.000,9999.000,9999.000,9999.000
202604251400,   0.424,   1.557,   1.000,   0.133,   1.557,   0.900,   1.457,   1.000,   1.557
202604251406,   0.390,   1.557,9999.000,9999.000,9999.000,9999.000,9999.000,9999.000,9999.000
202604251412,   0.359,   1.469,9999.000,9999.000,9999.000,9999.000,9999.000,9999.000,9999.000
202604251418,   0.333,   1.459,9999.000,9999.000,9999.000,9999.000,9999.000,9999.000,9999.000
202604251424,   0.311,   1.449,9999.000,9999.000,9999.000,9999.000,9999.000,9999.000,9999.000
202604251430,   0.293,   1.459,9999.000,9999.000,9999.000,9999.000,9999.000,9999.000,9999.000
202604251436,   0.279,   1.489,9999.000,9999.000,9999.000,9999.000,9999.000,9999.000,9999.000
202604251442,   0.271,   1.518,9999.000,9999.000,9999.000,9999.000,9999.000,9999.000,9999.000
202604251448,   0.266,   1.508,9999.000,9999.000,9999.000,9999.000,9999.000,9999.000,9999.000
202604251454,   0.266,   1.528,9999.000,9999.000,9999.000,9999.000,9999.000,9999.000,9999.000
202604251500,   0.271,   1.689,   1.000,   0.418,   1.689,   0.900,   1.589,   1.000,   1.689
202604251506,   0.281,   1.718,9999.000,9999.000,9999.000,9999.000,9999.000,9999.000,9999.000
202604251512,   0.296,   1.630,9999.000,9999.000,9999.000,9999.000,9999.000,9999.000,9999.000
202604251518,   0.315,   1.649,9999.000,9999.000,9999.000,9999.000,9999.000,9999.000,9999.000
202604251524,   0.339,   1.689,9999.000,9999.000,9999.000,9999.000,9999.000,9999.000,9999.000
202604251530,   0.368,   1.738,9999.000,9999.000,9999.000,9999.000,9999.000,9999.000,9999.000
202604251536,   0.401,   1.790,9999.000,9999.000,9999.000,9999.000,9999.000,9999.000,9999.000
202604251542,   0.439,   1.859,9999.000,9999.000,9999.000,9999.000,9999.000,9999.000,9999.000
202604251548,   0.482,   1.928,9999.000,9999.000,9999.000,9999.000,9999.000,9999.000,9999.000
202604251554,   0.529,   1.990,9999.000,9999.000,9999.000,9999.000,9999.000,9999.000,9999.000
202604251600,   0.580,   2.191,   1.000,   0.611,   2.191,   0.900,   2.091,   1.100,   2.291
202604251606,   0.635,   2.269,9999.000,9999.000,9999.000,9999.000,9999.000,9999.000,9999.000
202604251612,   0.694,   2.177,9999.000,9999.000,9999.000,9999.000,9999.000,9999.000,9999.000
202604251618,   0.757,   2.269,9999.000,9999.000,9999.000,9999.000,9999.000,9999.000,9999.000
202604251624,   0.823,   2.338,9999.000,9999.000,9999.000,9999.000,9999.000,9999.000,9999.000
202604251630,   0.893,   2.410,9999.000,9999.000,9999.000,9999.000,9999.000,9999.000,9999.000
202604251636,   0.966,   2.499,9999.000,9999.000,9999.000,9999.000,9999.000,9999.000,9999.000
202604251642,   1.041,   2.587,9999.000,9999.000,9999.000,9999.000,9999.000,9999.000,9999.000
202604251648,   1.119,   2.689,9999.000,9999.000,9999.000,9999.000,9999.000,9999.000,9999.000
202604251654,   1.199,   2.768,9999.000,9999.000,9999.000,9999.000,9999.000,9999.000,9999.000
202604251700,   1.281,   3.050,   1.000,   0.769,   3.050,   1.000,   3.050,   1.100,   3.150
202604251706,   1.365,   3.119,9999.000,9999.000,9999.000,9999.000,9999.000,9999.000,9999.000
202604251712,   1.450,   3.030,9999.000,9999.000,9999.000,9999.000,9999.000,9999.000,9999.000
202604251718,   1.536,   3.119,9999.000,9999.000,9999.000,9999.000,9999.000,9999.000,9999.000
202604251724,   1.623,   3.207,9999.000,9999.000,9999.000,9999.000,9999.000,9999.000,9999.000
202604251730,   1.711,   3.309,9999.000,9999.000,9999.000,9999.000,9999.000,9999.000,9999.000
202604251736,   1.798,   3.398,9999.000,9999.000,9999.000,9999.000,9999.000,9999.000,9999.000
202604251742,   1.886,   3.470,9999.000,9999.000,9999.000,9999.000,9999.000,9999.000,9999.000
202604251748,   1.974,   3.558,9999.000,9999.000,9999.000,9999.000,9999.000,9999.000,9999.000
202604251754,   2.061,   3.798,9999.000,9999.000,9999.000,9999.000,9999.000,9999.000,9999.000
202604251800,   2.148,   3.870,   1.000,   0.722,   3.870,   1.000,   3.870,   1.100,   3.970
202604251806,   2.233,   3.949,9999.000,9999.000,9999.000,9999.000,9999.000,9999.000,9999.000
202604251812,   2.318,   3.860,9999.000,9999.000,9999.000,9999.000,9999.000,9999.000,9999.000
202604251818,   2.401,   3.929,9999.000,9999.000,9999.000,9999.000,9999.000,9999.000,9999.000
202604251824,   2.483,   4.017,9999.000,9999.000,9999.000,9999.000,9999.000,9999.000,9999.000
202604251830,   2.563,   4.109,9999.000,9999.000,9999.000,9999.000,9999.000,9999.000,9999.000
202604251836,   2.641,   4.139,9999.000,9999.000,9999.000,9999.000,9999.000,9999.000,9999.000
202604251842,   2.717,   4.168,9999.000,9999.000,9999.000,9999.000,9999.000,9999.000,9999.000
202604251848,   2.792,   4.257,9999.000,9999.000,9999.000,9999.000,9999.000,9999.000,9999.000
